1014
1018
1069
1087
1105
1204
1246
1271
1300
1438
1472
1516
1517
1527
1530
1601
1612
1622
1644
1655
1680
1780
1789
1791
1801
1808
1813
1817
1820
1821
1822
1823
1824
1826
1829
1831
1836
1837
1838
1839
1840
1843
1848
1852
1855
1860
1866
1872
1878
1881
1883
1885
1888
1898
1904
1906
1912
1914
1919
1922
1928
1929
1930
1931
1932
1933
1935
1937
1959
1971
1973
1975
1976
1977
1981
1986
1987
1989
1993
1996
2000
2002
2003
2007
2009
2018
2023
2024
2026
2031
2034
2035
2037
2043
2047
2050
2051
2052
2053
2056
2072
2078
2080
2090
2095
2097
2100
2102
2107
2109
2110
2120
2125
2129
2130
2131
2142
2144
2149
2155
2166
2172
2174
2183
2186
2193
2197
2212
2218
2222
2227
2229
2230
2235
2236
2239
2241
2243
2249
2252
2253
2272
2273
2275
2277
2278
2280
2289
2312
557
559
562
620
624
653
684
705
706
724
817
950
QuotaManager
QuotaManager-journal
origins.db
